genes	DAL_1	DAL_2	DAL_3	DAL_4	DAL_5	DAL_6	DAL_7	DAL_8	DAL_9	DAL_10	V2_1	V2_2	V2_3	V2_4	V2_5	V2_6	V2_7	V2_8	V2_9	V2_10	AB_KCs_1	AB_KCs_2	AB_KCs_3	AB_KCs_4	AB_KCs_5	AB_KCs_6	AB_KCs_7	AB_KCs_8	AB_KCs_9	AB_KCs_10	G_KCs_1	G_KCs_2	G_KCs_3	G_KCs_4	G_KCs_5	G_KCs_6	G_KCs_7	G_KCs_8	G_KCs_9	G_KCs_10	G_KCs_11	G_KCs_12	V3_1	V3_2	V3_3	V3_4	V3_5	V3_6	V3_7	V3_8	V3_9	V3_10	R27_1	R27_2	R27_3	R27_4	R27_5	R27_6	R27_7	R27_8	G386_1	G386_2	G386_3	G386_4	G386_5	G386_6	G386_7	G386_8	G386_9	G386_10
14-3-3zeta	26376	26104	32690	112973	37716	31467	36564	39539	42445	30316	85774	62409	109773	55395	63489	62696	106961	81513	91150	67143	70380	133965	94705	157081	131569	102049	100661	98751	79113	120409	178663	191883	123359	162949	188197	78640	198914	185220	186096	169471	153591	229805	21933	39342	36319	30691	43635	37046	20032	51820	20650	26823	18717	18155	27279	32676	17294	32980	11550	25581	14006	19955	35952	28793	18268	36185	11075	42853	17591	6861
2mit	715	2379	1094	9603	2727	2606	2966	2053	2571	1873	5917	3970	8073	6960	3775	4470	6589	13043	3940	6624	7122	14662	10203	18203	17470	35502	16353	9698	7440	10804	12405	14762	14266	11434	17461	4880	14741	15827	12633	14396	9051	17272	3646	6504	4817	91	3504	4111	3527	3281	1291	3310	3261	3833	1912	3868	2344	4350	1065	4695	1277	1325	1536	3578	2590	1373	830	4882	4421	521
5-HT1A	128	30	619	2286	74	688	588	463	339	364	1719	1102	1157	1350	323	1715	2184	2022	726	1554	1597	4287	2104	3416	3240	4101	2833	3421	1605	2960	2553	2410	2272	2432	4221	1318	2731	3702	2509	2986	2157	4279	180	874	290	110	1103	811	1361	116	808	750	3381	1627	2526	3015	1485	6255	264	2311	1451	817	2783	3408	6200	2158	269	3994	3435	64
Abl	192	654	244	844	122	140	163	545	257	504	211	527	1485	1141	383	963	1470	1410	899	953	567	1687	575	959	782	1461	1163	847	747	451	1483	1979	2479	1141	1443	371	1883	3008	1840	1633	1132	1361	106	1086	343	36	572	364	225	416	157	375	418	185	28	648	6	6	5	170	1	11	274	878	327	2	0	372	44	3
Adf1	1338	291	133	1255	615	798	860	1236	1450	935	1052	1102	1640	1374	915	2422	1569	1474	1123	1010	356	830	709	2375	1216	1292	897	1072	364	741	923	2986	2472	1721	1788	604	1974	1731	2021	2401	1247	2821	321	529	496	836	512	921	797	639	433	572	371	325	4	280	128	0	944	386	0	18	5	459	136	757	342	2	1	436
AdoR	0	0	0	0	0	0	0	0	27	0	40	0	0	31	0	0	0	24	21	3	11	2	4	4	1	0	0	0	4	0	0	50	6	9	13	0	4	32	9	21	18	9	4	57	0	0	217	0	0	0	0	0	0	0	0	0	0	0	0	0	4	3	0	0	0	107	0	0	0	0
AGO1	3493	7629	5277	19276	5440	5085	6771	6614	4772	4658	11666	9196	16492	9762	11624	10038	13099	11208	10806	9546	10613	18875	16813	23154	19412	14271	15255	16379	9861	17109	21187	21788	17902	19935	27877	9955	18912	29735	20929	23337	17249	23559	5942	10299	5238	3185	6459	6192	4807	8733	2949	4546	5530	2773	3685	4890	2096	4203	2932	2233	1987	1682	4265	2767	1698	2392	2335	3041	2665	1351
Alk	4311	9466	9807	18254	5708	5049	5616	6177	9419	3716	19381	11587	19557	13428	10507	12900	7181	8945	12020	9694	6564	12223	11326	15831	13232	9662	11104	10879	5882	11407	16921	14697	14427	15771	19523	9026	14222	22032	16466	19569	12890	16220	6627	12608	9335	6198	6483	9932	5092	9833	6176	8366	4088	1953	4589	6253	3562	6124	1552	4897	1613	2550	10178	2451	5844	5148	1169	11695	3732	43
amn	122	0	122	74	44	228	0	0	161	0	98	137	73	83	95	54	181	367	291	122	97	163	50	133	85	117	164	129	4	100	144	235	602	82	292	71	196	327	337	225	129	104	64	76	1	0	243	96	1	49	0	0	146	149	2	113	0	0	0	182	0	157	0	228	1	0	1	146	316	104
Ank2	7086	5541	5966	15920	8530	5130	7162	5818	8627	8777	16228	10095	18735	13475	11493	10228	10443	12835	10457	10319	6912	14003	8843	20931	14108	11114	13018	13190	9573	12468	17015	24073	17895	15784	17773	7587	14585	30657	17680	18912	14086	20744	4829	8845	5640	5386	15673	14029	6014	9675	7846	7844	6619	3091	5617	6334	2865	5429	1654	4121	3284	4643	9404	11922	10497	6187	1846	19155	4556	4412
aPKC	1678	1671	1668	3238	2245	2346	2858	1958	2695	1596	7125	2585	4721	3518	5475	3283	1838	1949	3535	2924	1708	3495	1850	4818	3960	1722	2419	2329	1901	3074	4515	5172	4245	4258	5848	2404	4142	4970	5332	5160	4837	5446	1037	2937	1635	4191	2931	1423	1981	2458	2147	888	3193	1960	1988	2468	493	2908	599	1462	1230	1753	3024	1428	1777	5874	473	2326	2647	355
Appl	6608	11484	10237	26005	10734	12760	16140	16330	12124	6899	39519	27642	33201	29925	30539	20526	26982	29413	21967	19532	50286	55791	58045	75499	66930	51199	48752	56582	40908	75876	74834	60801	49999	58860	72062	41696	53892	83928	58983	70711	52894	71420	11932	20597	21143	10985	14829	17704	13461	14503	12974	10536	10940	5789	6679	8898	6017	8125	4043	8567	5980	5638	13870	8676	6324	8348	2843	8721	8604	1605
arm	280	1013	1329	3500	2585	1030	1072	1584	788	1170	3619	1919	4040	2865	2709	1855	1991	3215	1643	3100	686	1138	1016	3048	1234	2188	852	2556	1154	1083	1661	4631	2564	1393	1979	512	2012	3515	2063	1987	994	2747	821	1378	958	1002	1763	1224	924	1183	613	1754	1501	1103	834	787	781	1411	117	2328	664	1018	794	1385	1465	593	505	1997	886	643
armi	263	0	1	59	282	4	50	1	0	0	0	12	0	44	44	183	0	11	0	3	2	16	55	4	5	0	30	4	0	5	21	57	35	16	21	3	43	35	163	48	42	58	0	47	73	0	3	0	0	2	1	65	0	0	0	0	0	0	0	0	3	0	3	121	0	0	0	124	0	0
arr	374	301	443	121	0	2	105	38	246	60	3	346	861	324	642	181	530	212	438	472	122	464	296	593	333	580	234	413	166	283	382	794	510	359	425	204	459	755	542	409	349	622	30	315	0	283	634	240	0	3	1	155	112	588	33	59	0	0	47	1	262	18	25	13	299	1	0	1	0	0
aru	67	100	104	12	62	65	1	82	39	0	0	0	0	38	0	5	1	0	22	22	2	9	0	26	13	15	14	37	39	34	27	29	6	14	22	6	23	19	31	15	8	21	41	21	0	5	20	80	42	23	1	19	37	68	0	47	95	81	59	0	0	0	96	134	8	146	159	90	12	479
Atx2	1253	408	884	2062	660	883	734	1221	840	858	1997	1089	2178	1771	1173	837	1353	895	775	1948	937	2034	1530	2449	1975	1154	1306	2289	1071	2209	2175	2826	2057	1728	2407	859	1927	3158	2080	2419	1251	2036	1266	1438	976	640	1354	1704	745	687	1187	1522	1805	441	1207	953	641	491	356	1517	1464	1023	3096	1123	792	756	927	957	350	793
be	19	188	192	287	97	261	39	241	132	250	201	136	197	131	108	150	33	62	78	75	54	141	99	157	143	171	161	111	33	128	193	201	146	147	204	48	224	235	239	122	117	202	3	165	131	142	63	158	83	86	200	101	0	202	274	104	216	114	0	40	23	64	117	190	261	343	13	36	16	261
brp	2007	2981	4351	10900	2368	1798	2089	2831	2995	2540	8768	5382	8582	10810	6614	7717	12049	13306	6285	6498	7067	10044	10002	15467	10741	8510	10419	10476	5421	8372	9264	7908	7558	6659	8273	3061	7895	11850	8719	8251	6679	8503	5809	8606	4464	4402	7625	2970	3659	6222	2666	7990	1356	894	736	3284	1471	1162	1118	1114	541	1711	2414	2682	1784	2021	412	4587	1193	29
bs	0	0	7	47	43	226	76	30	0	0	49	92	490	0	77	129	0	1	48	186	19	58	8	113	96	75	47	134	99	115	88	71	57	180	63	66	110	189	169	82	32	73	25	32	64	1	156	11	0	0	228	0	250	0	59	19	25	0	0	0	0	3	0	0	0	18	9	0	27	1
bsk	2387	1081	2350	8911	1236	1968	1958	3370	3496	667	4127	4088	7202	6692	1274	4678	5616	5232	4481	5075	586	2644	1638	4239	2858	3749	1922	2517	1019	1490	3294	7851	4131	3495	5583	1606	8146	5384	8418	5324	3986	10049	2512	3841	6015	2268	5432	2222	1970	5117	1689	7015	2942	2507	1100	2879	1873	4975	17	2628	2020	1376	2092	5019	4487	1578	544	8836	2096	634
Btk29A	75	227	968	1048	544	516	410	1090	586	661	677	509	1273	821	1114	457	2	380	410	414	123	117	178	448	148	0	218	101	147	325	552	259	260	417	509	139	303	384	300	387	97	609	365	417	407	858	294	856	718	323	504	532	1111	323	62	135	242	324	110	576	62	343	116	26	176	257	246	68	36	13
CaMKII	11449	12746	11175	55674	11355	8174	19843	12315	22243	13425	44070	28971	40327	27781	25070	28566	24062	25925	27523	21002	5366	39125	8221	25425	22589	10426	12900	10474	10979	13159	22880	31396	22822	28800	44539	11819	39068	24755	39680	42114	31351	38046	16707	21504	20380	8903	13531	12307	7656	25074	10101	12215	14532	6612	6926	14630	9526	11597	3871	4366	14675	4635	24401	12023	7073	12691	1602	5092	5741	332
CanA1	0	0	0	0	0	4	0	0	0	0	0	0	0	0	0	0	0	0	0	0	0	0	0	0	0	0	1	0	0	0	0	0	0	0	0	0	0	1	0	0	0	0	0	3	0	0	0	0	0	0	0	0	0	0	0	0	0	0	0	0	0	0	1	0	0	1	0	0	0	2
CASK	1934	2093	2169	10229	3000	3242	3327	4184	2319	2218	6547	4562	6870	5081	6198	3768	4289	4743	4079	4179	3819	4330	6172	8071	5396	4153	5267	4870	2341	4974	6844	5378	4638	5372	5361	2455	4225	7431	4843	6029	4045	5408	2196	5304	2895	2818	4008	3268	2308	3565	1926	3702	1798	1410	2626	3392	1098	2895	411	1556	891	1482	2297	3222	1263	3659	795	3419	1818	437
cer	804	168	1131	740	597	2227	119	1245	9	507	203	209	557	268	194	165	201	332	131	416	14	63	75	267	82	328	46	160	233	171	86	182	104	117	178	44	179	189	171	154	110	336	665	381	162	455	506	471	214	129	359	485	2423	367	1147	566	578	756	880	962	839	717	641	612	381	793	740	885	363	972
CG1910	0	5	186	387	371	86	131	393	125	0	376	271	817	96	249	400	482	187	148	528	83	209	159	351	140	576	262	305	53	157	410	896	493	293	423	107	450	801	608	595	284	510	56	185	180	7	180	151	32	247	23	161	177	151	174	0	119	0	286	0	0	259	154	9	221	51	64	0	1	55
CG4612	1006	3585	3640	12542	2997	1850	3965	3913	2996	3894	11282	4031	8520	5642	8356	5502	4911	4913	4004	5253	3132	6111	3931	8465	5931	4362	5373	5063	2956	4696	10350	7711	5909	8380	7670	3508	8317	10597	7331	8211	5751	8143	3577	6384	5875	3682	7972	4029	2484	7849	3277	4596	5196	2786	4212	4250	2522	6534	2443	4769	1547	1698	2945	5725	4837	3644	1068	2699	709	303
CG5541	30	157	397	4	32	512	96	259	234	1	6	75	110	317	45	41	143	126	87	327	103	108	201	114	78	71	260	218	34	128	100	204	202	67	105	37	109	402	158	151	63	239	1	219	0	198	73	121	0	15	1	2	4	98	146	71	17	0	28	1	67	0	163	22	256	3	9	0	2	0
cher	0	0	78	9	1	84	0	0	0	0	0	12	0	1	3	2	0	0	0	13	0	0	8	16	0	2	4	20	0	30	2	3	2	1	1	0	0	28	0	1	0	6	0	0	0	0	275	2	0	1	1	0	18	0	396	0	89	0	0	0	0	1	0	369	0	3	0	0	0	0
chico	756	644	56	72	193	53	358	418	898	532	140	271	813	775	729	1544	1120	917	710	631	74	588	489	612	432	47	291	390	478	223	581	1085	571	714	977	166	808	609	789	807	446	834	118	537	39	126	923	167	49	236	28	779	140	777	626	98	0	31	45	298	0	1660	2	1	196	8	94	1499	80	161
CRMP	935	429	1654	2318	651	1736	961	834	911	1278	2316	1242	1522	2014	1518	685	754	857	1005	680	969	1306	1235	1992	1746	967	948	1891	961	1633	1266	1787	1231	1621	1790	775	1664	1753	1551	1774	1322	1653	221	1042	942	544	935	818	829	768	278	1296	1028	197	756	488	237	1242	627	1353	69	76	266	782	529	702	213	476	254	1296
dbr	487	104	490	684	434	195	353	1073	751	220	809	291	102	995	718	254	1166	1341	782	870	143	516	405	510	402	79	163	218	173	232	316	644	273	107	365	119	341	350	424	323	235	298	182	363	328	9	948	263	0	309	16	350	683	381	401	313	269	1	0	226	92	7	603	450	38	689	44	420	234	0
Ddc	1468	10613	5301	22764	2680	8692	2444	6285	8009	2219	22175	14977	20549	22085	14215	18281	19495	20959	15676	14682	7195	5079	13713	13162	12733	9850	10118	7339	5243	6115	10560	17081	15068	10985	9290	4210	13238	16206	13898	14052	7406	11907	1652	6977	1218	902	4451	2197	2719	8233	2165	1054	2874	864	949	4517	1313	561	2279	2778	2394	3107	2594	645	639	5178	1361	476	1322	297
dikar	406	288	436	597	392	317	382	722	698	153	2101	655	719	1746	276	891	750	665	706	1104	1187	2554	2267	3140	2069	2120	2933	2545	1170	1785	2946	4163	2625	2045	2172	792	2168	4998	3444	2587	1744	2801	253	606	88	404	872	476	629	527	195	520	7	147	109	526	254	81	6	87	12	185	125	697	315	209	7	41	254	6
dnc	5021	8175	7572	30694	5113	6082	7594	8703	8352	4518	19819	18798	20154	19036	12485	15507	21472	19962	15497	12667	28690	25807	39190	43577	49329	30874	35189	31442	18850	37828	49452	48551	42935	42827	56411	27471	44271	60135	44166	48093	41288	45349	11588	15816	12173	5591	14616	11043	8016	22687	5371	10160	7717	8991	6631	12187	5664	6753	3410	7777	3161	5757	7581	7138	10675	6550	2201	12249	5596	1688
dome	676	243	110	544	857	444	148	148	188	303	24	113	7	783	246	39	61	274	213	319	79	148	118	206	150	253	82	191	196	101	178	305	304	265	212	72	208	406	153	179	95	186	127	121	171	1	271	202	181	77	71	86	1	9	60	136	271	0	0	1	1	401	147	93	81	113	23	513	0	0
DopEcR	2845	1505	1994	10284	2000	1629	3129	3565	2032	2890	6736	4682	3966	6391	5974	6607	6218	7981	5986	7570	4961	9529	6941	11883	10275	9273	10530	6583	5705	7766	10443	12792	12229	8611	12563	4686	12517	12974	13448	11625	9081	13714	2125	6518	3174	2654	5501	4825	4026	5537	3055	3156	2927	5409	3178	4582	2608	4100	525	3086	933	880	5093	5586	6385	2084	949	6025	1293	1665
drk	886	1798	1167	3068	834	998	664	3067	523	1110	546	1078	3056	1980	1582	2139	1138	1045	1039	1274	584	1661	823	1914	1350	523	847	863	329	941	1429	2505	1621	1987	2833	605	2042	2136	2382	2106	1342	2138	357	1138	588	84	1642	789	284	1129	1059	1457	1479	923	1805	954	607	1136	678	613	700	441	267	1659	930	892	643	1006	163	181
drl	0	218	176	396	293	107	108	147	112	30	603	731	2167	1105	443	672	776	468	231	471	334	518	1147	1465	603	604	874	1003	512	590	970	1072	813	788	510	274	621	1515	785	600	676	1110	1068	999	1805	1354	3039	1462	1357	489	589	1362	1467	537	578	750	860	2133	71	1652	374	182	1211	1574	1998	760	153	1148	791	17
eag	353	2663	1390	4146	303	1118	1316	1531	701	992	2950	2679	2625	3273	2606	3116	1565	2709	2029	1875	2522	2744	3763	4837	3187	3252	3289	3281	2911	4029	3320	2491	2956	2467	3698	1440	3304	4673	3394	3771	2892	3176	1104	3370	821	1051	3286	2540	938	2705	1459	2400	1047	10	323	584	174	50	186	94	576	17	1502	379	214	1249	106	649	95	258
eas	258	695	2232	87	747	1444	964	951	423	243	963	790	1450	479	261	235	847	727	960	638	221	578	497	1131	579	1063	720	586	361	652	848	1884	1384	853	1272	316	1367	1145	1507	1225	743	1723	878	666	589	742	1566	810	181	321	10	689	1180	2383	2181	841	167	100	838	593	471	381	18	10	2476	686	1319	17	617	630
EcR	206	428	754	1438	350	715	1620	1520	950	1261	1246	1665	3598	2293	752	2512	1068	1695	2860	2226	1057	3421	1840	2760	2044	1613	2545	2059	1364	2011	2692	3700	2919	2333	4982	1516	3030	4250	3403	4181	2449	3049	1153	2428	902	434	1867	871	249	1424	308	508	445	1144	341	1040	452	1060	395	535	396	210	976	1175	913	849	761	581	237	1173
Egfr	92	53	127	0	0	4	0	37	247	0	0	0	0	0	0	0	0	0	0	69	0	6	0	2	0	7	0	0	26	0	0	11	0	0	0	3	5	4	0	0	0	4	115	7	22	0	445	0	0	0	31	0	0	757	325	36	0	19	1	167	0	44	0	284	190	262	143	191	0	0
Ent2	1	85	265	169	340	12	0	17	335	1	665	73	305	54	1	40	0	12	84	443	36	60	0	131	3	62	34	57	97	60	40	245	61	22	106	36	155	57	117	122	25	278	13	47	23	1	335	50	0	0	3	1	291	1733	240	184	25	1	2	0	0	1056	3	538	207	142	16	92	1504	0
fabp	8570	1369	1965	2792	2831	3610	442	1453	2814	3102	952	1041	418	974	1980	890	407	337	671	2833	304	430	631	1262	566	674	180	1704	834	221	466	1493	431	602	583	208	1678	1375	1296	1076	777	3218	2620	1833	1569	2800	4538	6955	762	1931	2530	2368	797	1205	2244	1483	1387	1772	5007	794	1660	11933	3872	6740	3623	3463	4629	4255	3643	3861
Fas2	202	442	405	808	810	993	552	1437	1159	735	2005	973	2108	2299	1741	1281	2286	2692	1362	2416	2683	2907	4345	3980	3943	6290	3713	3929	2553	3862	4284	4051	4279	3162	3912	1783	3480	4919	3060	3862	2935	4412	281	1177	323	456	559	788	655	1208	803	1350	1140	1048	651	2452	1633	1107	515	1508	699	1370	779	422	1412	412	240	1003	2881	113
Fdh	637	1046	112	328	115	906	115	129	53	115	14	165	478	4	66	11	4	90	45	51	0	17	38	92	7	29	25	143	45	15	12	124	188	75	15	19	50	92	67	73	25	83	171	136	0	89	424	39	0	119	138	2	10	594	98	405	901	68	670	1	351	307	163	661	370	689	620	3	423	52
Fmr1	743	696	1073	372	0	838	1123	803	762	229	3269	657	1007	1352	1186	787	1534	1807	720	539	687	1272	834	1728	1488	880	745	923	541	1079	1175	2268	1304	1130	1572	719	1687	1852	1552	1670	1124	1380	496	537	442	63	746	673	305	1055	269	106	734	916	849	945	82	1960	74	1277	25	294	148	1145	163	1153	443	984	341	215
for	710	104	1175	345	78	1975	92	167	271	381	91	124	333	11	224	14	2	11	58	210	27	20	6	3	5	101	25	70	55	46	5	79	9	36	52	6	34	10	3	10	1	51	524	172	501	393	375	413	360	6	492	376	494	1371	1351	740	643	751	305	23	15	304	261	823	1330	279	503	504	363	456
FoxP	492	1232	1031	2975	621	638	1504	2662	662	719	2444	2945	3389	2151	3517	2263	1368	2844	2232	1082	1323	1239	1635	3341	1770	923	1531	1720	982	1974	1932	1380	2359	1563	2381	513	1474	2484	2477	1927	1392	2352	1642	1581	2234	817	1842	1062	1307	1329	1925	899	963	437	780	1163	401	252	77	703	18	1810	2125	1325	433	1447	104	268	316	66
futsch	5870	7972	5385	24330	7527	3665	2397	4109	11673	3001	14471	9074	13920	20585	8325	15717	11600	14701	13878	16815	3977	13311	8995	13928	10909	15511	11033	9425	4968	6981	13828	12969	11649	12433	11342	3881	13995	16982	12938	11987	8280	16441	8307	14900	13978	10316	17610	14193	9509	18368	10138	12986	8594	12667	6226	17460	10506	9697	2976	10613	2923	6171	13352	12694	17227	5899	2813	40395	6024	1372
G9a	1261	1524	401	2302	1463	161	415	1064	1336	364	1904	1458	2449	1941	868	1276	646	1132	1326	1634	702	1424	1114	1552	1274	1208	1202	1125	543	870	1626	1827	1873	1790	1967	699	1619	2449	2086	1886	1367	1658	586	2116	693	678	847	986	488	608	409	901	1861	197	315	583	13	2	315	774	14	353	756	1004	420	238	33	471	875	0
Gad1	520	15224	13257	128	185	6278	32574	31469	187	687	4468	269	8	63	680	7961	95	24	308	5136	409	23	95	1575	15	5	3229	14	81	502	354	17	55	347	17	1	2	5	15	525	77	733	5705	22845	83	4385	82	6146	6165	13074	1291	1242	7696	13	178	4311	3976	3	6	222	710	523	91	1462	2	3	1359	134	455	10
Gclm	312	390	776	1019	4	1318	102	365	395	283	1095	257	671	498	332	126	182	80	86	448	60	125	71	316	173	280	200	340	215	115	86	542	221	114	208	49	380	327	370	289	92	428	133	123	926	1379	743	476	7	128	302	277	431	1410	1810	440	27	8	2	3	364	1	431	600	1067	36	739	152	124	2
gish	2348	4584	3183	11566	2175	770	2119	1917	2934	1748	4656	4524	6962	9095	4090	6435	7247	7132	6330	6701	1975	5897	4182	8772	5686	4878	6287	3638	2478	4831	9549	17359	13675	10663	14108	4948	14658	15490	16823	16470	11778	16701	2150	7218	4071	2031	7994	5973	1987	5457	2207	5827	877	1562	1309	2553	1220	2128	613	997	1	764	2204	1442	3337	475	679	3478	329	705
Gld2	0	0	0	18	0	112	77	304	34	0	1	0	0	0	31	1	9	29	0	56	31	16	33	58	26	1	63	20	0	7	35	17	3	9	30	7	37	67	29	14	7	71	119	89	8	330	0	108	80	0	677	0	6	109	478	24	0	0	0	128	0	0	0	0	0	0	0	0	0	0
gry	68	1	1	414	54	8	36	558	20	0	17	31	111	1	0	41	6	104	117	136	3	26	69	268	97	0	39	80	79	54	48	232	71	58	37	15	197	158	109	67	14	169	66	227	42	82	62	0	0	0	295	148	0	257	0	0	0	0	1	0	1	0	2	0	295	157	0	0	0	0
HDAC4	842	963	783	2074	395	897	918	1019	418	595	2527	1510	4204	1588	2074	1459	2142	2541	1359	1672	2161	2505	2669	3830	3095	1510	2482	3410	2265	4373	4426	4108	3426	3270	4747	2356	3562	5840	3826	4074	3745	4125	902	2022	781	313	1564	1621	1385	1107	615	574	721	524	514	525	680	909	396	31	704	118	415	1136	600	257	83	454	757	44
hiw	132	122	305	1403	117	23	186	517	330	141	315	374	521	1048	692	522	564	918	525	490	63	362	150	725	278	539	601	472	218	289	380	1500	929	414	305	112	554	1643	564	620	291	1031	124	255	102	4	237	276	4	215	362	401	0	141	209	97	3	622	1	0	0	1	80	220	165	115	122	402	3	0
Hn	2400	2097	2913	2216	891	6010	366	1324	895	541	111	455	1035	91	730	5	212	111	184	931	26	6	1	18	24	1	55	409	853	51	2	9	23	44	0	14	5	4	16	14	39	12	2162	130	184	2610	2675	327	607	114	1394	868	675	13805	6072	2536	706	1529	3345	1315	521	1988	450	379	2958	1756	3063	1128	955	1609
hop	369	52	0	57	117	0	141	229	226	184	290	262	418	114	397	229	283	200	261	332	128	228	104	205	180	408	214	309	369	122	202	329	453	303	256	95	252	364	332	312	178	379	0	172	5	1	15	50	68	245	212	170	0	346	349	146	63	5	170	0	0	1	75	113	168	76	95	3	6	0
kis	3623	5093	2093	8150	1937	3140	3034	3801	4173	1196	8825	4182	8718	7676	6253	4902	6350	5613	3938	6227	2280	6616	4474	8643	4939	4749	5785	5795	3098	4615	9385	11440	7474	6847	9137	4065	7992	14476	9699	8952	6938	9029	2077	4775	2655	2717	5434	3383	3771	4591	1872	5200	2210	1310	1535	2486	1598	2786	1051	1381	2219	571	5645	1747	2888	2499	1299	2085	497	195
klg	1516	3794	2588	4732	1776	1988	2118	3073	3734	3177	9019	4722	7463	7139	5664	6990	3271	5986	5378	3434	1865	2034	3746	4556	2432	1757	2953	2412	1694	1853	4734	3881	4369	4291	3905	1769	4510	5241	4503	4821	3550	5539	3084	5842	4486	1942	3717	2910	3055	6343	3068	5159	1997	56	2176	2321	334	284	1379	909	729	2027	394	60	679	1891	403	994	411	43
Krn	0	0	1	475	0	245	22	25	121	128	0	18	0	7	192	1	0	2	18	22	25	40	52	43	46	296	0	55	0	11	22	81	90	51	48	6	56	194	43	74	30	98	18	92	2	83	1	265	0	175	0	122	0	0	0	0	0	0	0	0	0	10	0	386	362	1	0	0	15	16
lilli	839	1654	502	3330	614	844	712	1843	2787	1034	822	1174	1638	2852	1605	1939	1113	2549	1655	1859	1777	2676	2249	2629	2551	2019	2244	2165	887	2517	3291	3322	3207	2469	5125	1609	2810	4278	3657	3378	2817	3119	606	1829	213	790	2160	982	1484	980	683	207	816	563	392	1338	347	299	8	236	9	168	1146	675	283	824	237	177	196	102
mbm	118	0	24	0	1	0	75	183	0	1	240	30	141	9	1	0	1	1	0	1	24	6	17	35	44	0	17	64	101	20	16	51	41	10	10	3	61	71	35	47	13	1	20	5	87	376	1	0	0	0	0	0	0	0	32	0	0	0	0	302	0	0	0	0	0	0	110	0	0	0
me31B	1037	1324	581	474	458	1909	305	1556	1950	1046	1516	1072	1719	2041	1911	1531	2335	2335	1232	1906	356	1083	407	1822	1166	1763	811	1254	766	564	1095	2780	2165	1669	2379	275	3104	1670	2693	2017	1536	2895	270	908	1348	198	1233	634	424	509	154	769	240	187	1073	756	271	727	155	3	108	141	323	292	141	861	32	31	64	467
mir-276a	0	0	0	0	0	0	26	0	0	0	0	0	0	0	0	0	0	0	0	0	0	1	0	1	1	0	2	2	0	1	3	4	0	2	3	0	1	9	1	2	2	7	0	0	0	0	3	6	0	0	0	15	0	0	0	0	0	0	0	0	0	0	0	0	0	0	0	0	0	0
mir-980	0	0	0	0	0	0	0	0	0	0	0	0	0	8	0	0	0	5	0	0	0	0	0	1	1	1	0	0	0	0	3	3	2	2	4	1	0	1	4	5	3	1	0	0	0	0	0	0	0	0	0	0	0	0	10	0	0	0	0	0	0	0	0	0	0	0	0	0	0	0
mld	399	437	1189	3467	784	346	350	937	1889	1205	660	487	1097	484	782	66	552	385	310	438	178	352	446	768	410	355	584	374	426	422	591	854	520	443	629	175	775	1185	490	741	272	483	0	340	582	141	585	148	3	92	208	101	0	124	284	3	1	269	0	295	1	0	989	146	246	161	26	33	502	1
mnb	212	697	449	1847	436	491	970	1163	1341	1136	776	1469	2033	1154	676	1552	874	1901	1596	1095	693	915	1562	1688	1084	1123	1512	1352	748	1185	1513	1843	2012	1493	2175	731	1741	2597	1797	2040	1270	2138	1403	1790	394	182	1598	1266	782	850	67	204	5	470	302	647	245	409	41	1159	47	900	529	456	629	408	352	63	2	42
Mob2	536	918	824	1388	453	303	882	804	928	837	2325	922	2672	993	1567	1244	1406	1693	1001	1442	1118	1584	1513	2589	1845	1699	1322	1797	874	1348	2743	3057	1478	1831	1976	755	2037	2791	2028	2249	1409	2158	1751	2028	1415	1660	5459	4489	878	1983	1920	1772	102	911	706	1427	420	2164	132	494	360	1890	2265	2519	598	1738	205	3938	125	1163
mol	10	1	0	8	37	0	0	13	0	57	0	46	47	0	0	0	0	0	0	48	22	0	0	0	0	3	0	7	0	0	0	0	0	1	6	0	0	0	0	4	1	4	0	0	0	0	0	0	0	0	25	0	0	87	66	0	0	2	0	0	36	1	1	2	0	27	6	0	0	213
mura	292	401	539	1414	463	1	680	1462	279	101	1699	1038	1249	1907	961	845	1401	1258	645	1500	990	1146	1525	2665	1699	891	1756	2479	1404	1635	2364	4041	2707	1919	2064	1026	2008	4973	2430	2601	1501	2108	378	1342	135	250	1771	721	699	765	358	498	234	52	202	1097	0	391	3	1859	448	112	547	697	133	22	304	305	0	0
N	240	315	1064	272	404	570	0	1358	450	620	598	820	524	255	894	134	607	244	462	1152	235	79	294	372	251	77	31	126	202	103	308	635	195	293	798	106	517	709	341	580	361	1025	141	872	1	291	3280	1007	396	149	310	492	423	121	3	170	0	132	95	1267	862	163	64	190	259	174	173	644	399	385
nemy	91	389	0	58	169	224	9	34	0	0	0	36	33	119	266	117	10	37	53	123	25	5	49	135	40	3	3	23	97	19	34	57	8	18	62	6	62	89	24	50	11	72	0	87	95	2	1	77	68	12	1	0	0	0	58	0	0	20	0	0	0	9	0	0	181	0	31	178	7	0
neur	256	292	603	3	0	0	0	747	10	0	289	77	202	592	239	82	679	539	93	255	267	526	392	561	404	210	157	244	166	495	414	492	223	211	390	228	416	661	356	530	326	285	108	4	510	713	327	52	384	186	8	8	12	146	46	0	1	1	0	359	0	0	0	1	61	47	0	385	360	0
Nf1	526	796	1577	5294	1536	922	1137	1562	1538	1062	3990	1950	2758	3520	3805	2959	2290	2225	2461	3373	1004	1811	1470	2557	2127	959	1729	1712	886	1350	2267	2802	2112	2340	3034	1306	2568	3454	2870	2661	2117	2835	1766	2557	1167	1673	3291	1378	775	1828	1736	3424	1848	1268	1093	983	621	1506	246	2029	1747	345	3761	1471	1278	2750	355	2774	448	288
Nipped-B	1495	3391	2105	7182	1008	1686	2275	4092	2857	1576	8333	5106	8004	5216	4988	5597	5879	8721	5071	4210	3121	8753	5293	10063	6845	5842	5781	5702	5457	4949	7808	11068	9099	8155	11696	3061	11460	11327	12467	12028	7208	10128	2572	4459	3174	2581	4827	2110	1131	3068	2409	1451	4396	2346	1227	2633	1649	1875	1889	1879	2253	765	5032	2846	3281	1560	684	3886	322	1
Nmdar1	177	308	522	597	688	1041	714	132	679	572	1092	585	1026	1064	846	829	328	311	491	679	679	675	770	1040	823	380	615	513	840	859	941	842	418	897	592	405	728	1012	553	904	686	848	470	1971	758	1102	1106	620	851	918	799	854	644	885	1141	778	585	949	0	2128	736	105	390	492	587	775	0	490	499	1
Nmdar2	3	7	110	241	153	7	13	39	21	4	1	269	649	519	0	118	737	144	130	177	11	35	74	125	52	0	150	105	15	6	58	317	271	70	92	22	109	313	173	162	129	129	6	134	243	4	348	82	18	138	6	472	15	10	13	19	0	13	0	270	6	0	111	0	36	10	0	124	0	0
Nrx-1	166	323	562	902	549	112	211	1024	528	216	947	565	1849	1544	983	609	1106	1202	383	883	827	540	1786	2000	602	1165	1467	2161	796	788	1397	2943	2112	1015	776	312	1391	3638	1669	1413	678	1390	233	975	311	122	826	370	848	435	316	225	172	244	97	699	245	199	5	58	18	2	34	100	250	70	89	1365	561	1
Nsun2	10	361	28	200	159	2	0	0	0	30	139	161	605	1	0	2	4	25	0	8	21	7	5	62	21	1	47	106	118	51	31	101	94	42	47	7	96	131	11	25	37	131	0	11	365	0	224	34	1	27	0	4	16	0	0	22	0	0	4	0	0	0	145	0	4	0	158	0	0	14
Oamb	180	0	450	1352	76	320	131	163	262	0	1396	804	860	761	1053	650	950	1043	242	784	1311	1549	2314	2777	1595	1882	1312	2941	2019	1965	1504	1868	1310	1185	1341	635	1261	3313	1326	1492	885	1619	409	397	195	45	465	171	303	122	4	1	0	0	134	115	0	0	0	0	4	0	15	4	186	278	338	6	5	0
orb2	2721	7412	2952	19064	1901	5247	10954	7298	4580	4312	20095	8440	11213	8251	13902	9847	7092	8902	9331	8372	6480	11000	9655	13683	11446	6057	10329	7121	5336	9083	15127	10860	10029	13053	16131	6821	12094	14619	12130	15490	10348	12070	8020	14475	6780	3965	7621	6805	4185	11568	4658	4941	5397	2573	5092	6179	2888	1557	1849	6349	6462	3167	9313	5934	5200	4606	1169	3703	6306	1080
osk	0	2	10	1042	0	74	0	0	0	0	0	0	0	1	0	0	0	0	0	0	0	0	0	0	0	0	0	0	0	0	114	0	0	69	0	0	0	1	0	0	0	70	0	0	0	0	4	0	426	0	5	8	0	0	0	29	0	0	0	0	93	154	26	0	0	0	1	0	0	95
per	57	0	9	560	16	30	2	0	241	122	16	37	156	0	50	23	1	39	9	21	18	33	55	116	32	22	47	83	21	37	59	32	32	27	28	8	62	53	57	67	37	53	48	206	0	0	302	169	0	16	0	62	3	0	27	58	311	0	120	0	46	0	0	151	1	0	0	35	117	0
Phm	4432	3815	3148	9917	6762	1645	1314	4354	9998	3558	5399	2612	7346	5909	1685	3638	2406	2488	2970	4338	439	1027	962	2505	1432	4292	1195	2489	1570	986	1831	6459	4782	1971	2455	595	3966	4923	4600	3317	1608	6028	1598	1736	2972	422	3216	2185	945	1478	1738	2741	2534	455	1091	1936	1255	334	572	2068	1006	289	161	4203	1529	1792	757	687	357	428
Pink1	113	721	335	2039	12	1124	37	781	231	265	315	829	2481	530	92	428	343	358	185	681	128	170	235	566	204	174	95	707	368	137	251	690	411	217	249	37	275	716	290	224	145	489	382	247	174	55	206	348	31	65	4	280	656	150	112	0	100	403	0	52	14	679	130	86	154	94	162	201	424	503
Pka-C1	2395	3447	3099	10320	1159	5181	3749	1892	2680	2538	8305	8218	12338	8123	5812	6138	20979	14832	11140	9796	19693	46789	31099	44703	44006	34114	36336	34665	23455	42089	53392	54366	39922	43464	58181	27564	46839	64839	50069	52870	48237	56670	5928	4938	5141	2104	7299	5129	3332	5282	2340	6440	1636	3712	1976	4244	1426	3579	1268	2231	1377	1610	2174	3590	2259	2212	1331	3618	3078	1574
Pka-R1	1323	1401	1410	4925	3719	1814	2275	2764	2560	3051	5307	5077	9021	4155	2123	3536	4261	8515	6092	6958	4218	8838	5399	10257	9390	5787	5439	8510	4231	5719	10809	23120	14344	11244	15769	4475	14432	15180	12029	14208	9728	15611	1990	1354	3467	887	1462	1908	253	1854	1125	1191	1721	752	1126	513	1304	904	784	6	1605	1310	1867	3340	686	463	810	2040	503	82
Pkc98E	1439	2155	1484	7472	1295	838	1827	2921	1542	920	5530	3339	7010	4379	3770	2780	5082	4133	3071	3603	2899	3246	4251	7278	4528	4679	4420	6143	2830	3871	6823	10229	6511	5797	5604	2427	6490	10175	6652	5806	5007	9152	2005	2439	2166	324	4098	2114	2130	3553	1646	2228	629	576	1735	1332	598	599	505	1266	420	206	327	1106	895	1616	225	1411	276	2
Pp1-87B	2572	1316	2091	6565	2446	2419	1712	2269	3812	1088	5843	3335	8462	2826	2337	3781	4613	4850	3878	5206	703	2606	822	4263	2451	3724	1317	3067	2148	1587	2509	7399	3757	3450	4652	1012	5723	4139	5125	4506	2324	6681	1050	1792	3214	1446	4649	1686	778	1899	974	1096	1243	1348	904	1511	587	750	705	795	816	294	1122	2334	1212	1949	282	2386	1419	1358
PQBP1	269	0	171	305	1	230	251	732	102	101	2	243	875	481	136	814	446	417	246	526	88	173	98	449	205	75	108	171	92	94	209	335	331	276	262	71	334	420	557	229	209	638	147	405	39	0	535	86	0	339	1	72	362	32	502	16	0	0	0	20	0	387	492	805	53	391	135	0	0	0
prt	426	1	379	242	663	124	13	247	409	261	162	351	1265	41	2	112	1689	1064	511	276	1266	1823	1817	4098	2233	2791	1161	4569	2894	2514	2059	5278	3291	2006	2505	969	2438	4923	2897	2547	1978	4031	0	23	0	1	0	28	0	0	0	0	0	0	77	0	0	0	0	0	0	0	0	11	0	1	147	0	4	0
Psn	54	1	0	146	102	429	275	462	176	228	16	520	1596	69	189	207	269	195	234	569	131	134	56	522	143	299	126	296	480	151	74	809	559	232	230	47	466	388	288	312	209	491	4	333	45	1	1152	154	50	17	2	255	31	168	145	163	15	19	660	1	151	213	4	1148	701	3	52	1127	404	5
pst	748	825	2158	73	442	10804	2	222	200	41	0	11	60	1	281	99	80	14	189	322	25	22	4	16	26	116	0	139	742	101	52	41	3	73	54	33	21	37	4	18	41	71	1801	212	275	946	1223	542	825	166	203	286	710	5691	5667	67	1067	1612	1198	1188	499	400	102	722	1253	881	694	17	1188	283
Ptp10D	38	813	325	1766	1066	331	989	787	289	399	1714	598	867	1429	1106	643	888	860	611	1235	64	133	58	354	154	4	260	43	17	158	473	262	375	390	294	125	308	457	262	503	169	392	192	1029	569	652	844	251	65	909	527	133	181	89	649	453	85	11	596	380	624	232	66	1102	667	356	238	1800	213	291
pum	5263	6187	7778	22229	6317	9551	8803	11654	10109	5844	26587	22032	23421	29169	18654	18767	27315	26028	22441	13815	17200	30382	29518	36013	36304	31611	24006	23931	19598	31768	31940	25939	25554	28612	47342	14641	32460	34613	28026	32473	27823	35899	8162	14862	8066	6229	7409	9616	7671	10049	5421	6009	5458	2020	6026	8446	4454	6215	3368	11103	2977	3329	8901	7124	5439	6456	2447	5281	2793	1366
pxb	6	354	1096	803	1	432	703	652	0	84	1532	355	466	210	986	1177	626	212	437	276	298	1058	547	884	794	443	539	566	582	791	897	765	674	711	1027	400	681	1123	914	1024	471	738	396	376	650	0	117	151	0	319	39	0	2528	14	53	576	506	1019	24	1	433	0	82	2	50	3	351	73	18	360
Rac1	2225	1226	2277	4710	2912	1116	1217	3049	4684	2128	1500	2585	3191	3379	1609	2200	3425	3157	2854	2833	928	1725	1383	3262	2295	2678	1628	1816	1371	1475	2533	4935	2919	3138	3636	952	3703	4812	4121	4174	2724	5185	1012	737	1612	214	3040	965	726	1611	685	879	1064	926	939	1467	654	360	496	748	398	1335	720	231	463	184	662	884	36	42
rad	669	1857	1259	3858	575	1181	802	1986	1432	912	2020	2394	2267	3016	2446	2828	3697	4616	2946	2221	2569	6919	6758	4913	5792	7099	5656	4294	2992	4604	5237	5574	5986	4198	7214	2396	6907	6740	6343	6369	4661	5716	1	626	107	112	642	316	347	213	365	0	0	0	0	540	126	295	320	0	675	0	40	1	2	279	5	152	236	68
Rdl	6474	13047	9621	45498	9718	9925	12823	15389	13360	6759	50732	25432	42379	37889	27615	23368	33662	38685	21755	24987	50546	57129	74106	96660	69732	76864	82948	59428	41336	67434	78604	66651	59898	58407	70883	30073	61071	93404	70260	69175	54684	85617	8231	24561	12937	6946	19937	12111	9579	20039	9115	11218	6987	7343	7778	17659	4470	9792	3650	12514	2566	3850	8315	8292	11236	13473	1932	13619	7662	292
rg	603	539	73	2270	192	600	203	1474	437	295	537	793	1239	1316	1214	1343	1959	1391	717	1612	903	778	2117	2611	974	1311	2048	2166	953	1028	2373	2753	2230	1533	1111	504	1768	4470	2049	1671	1216	2364	142	739	312	164	2559	719	527	746	608	794	20	213	349	478	237	554	89	244	909	309	251	562	708	172	297	2584	527	226
Rgk1	86	52	0	7	0	0	43	0	63	1	57	163	595	256	165	100	789	265	164	68	205	559	385	589	495	719	454	636	286	223	559	2022	1493	544	885	250	918	1834	1265	975	578	638	0	0	0	0	0	44	0	0	0	108	102	107	41	245	0	37	0	210	27	1	42	1	208	1	0	320	0	7
rut	71	1509	712	3761	871	1665	872	881	1458	754	4865	2566	4637	2458	2747	2402	6260	4380	2507	2927	9949	16911	14264	18450	20805	13544	15238	13152	9826	15613	20665	16581	14298	18039	20966	10329	15498	22651	16569	17750	17826	18332	487	1900	480	1184	1123	1419	499	1237	874	256	1394	64	1141	966	416	442	28	748	325	676	1825	498	597	1102	83	619	597	0
S6kII	144	27	103	1803	317	249	501	393	175	284	488	303	539	889	423	587	430	528	420	1083	430	626	926	1329	909	704	1036	950	534	885	1091	1259	728	808	739	361	634	1365	736	764	650	1203	553	367	29	489	910	81	119	457	651	130	528	410	3	488	297	125	381	921	26	182	246	186	470	323	269	53	30	18
Sap47	17241	27565	18665	59879	21361	15435	32830	29606	26392	24490	58071	28452	41381	34014	35585	28666	24919	22642	30444	30462	16990	31710	22487	38187	28908	16930	26261	24373	15544	26256	37174	28480	22616	31953	43279	17277	30262	39787	32186	34541	27944	35815	26841	43426	40229	22723	25145	30900	21270	38812	17382	24867	24899	12657	21215	24534	12115	16169	6957	23399	14543	8172	28724	31844	15478	23358	5671	19804	17569	5772
Scamp	824	407	639	939	2227	831	552	1895	743	1058	1090	385	659	1199	652	773	812	1926	530	1036	456	727	951	1428	856	897	948	1211	412	878	1067	2028	1695	1008	1421	492	1412	2042	1482	1510	689	1422	366	957	385	300	1129	1016	780	678	441	297	525	544	495	361	66	455	3	552	0	660	197	1574	525	412	1003	1798	32	370
scb	0	130	4	124	143	0	0	46	33	6	1	0	0	1	307	2	21	65	21	60	106	213	145	271	116	345	108	100	83	209	6	50	8	14	0	0	36	89	23	44	2	197	37	58	0	3	26	50	0	1	442	0	0	2	0	5	0	9	0	0	0	0	0	34	0	298	0	2	0	0
scrib	195	330	289	1784	472	476	537	1012	221	533	2757	1210	1982	1170	544	546	2062	1707	545	836	1361	2000	2592	3606	1926	2318	2093	3165	1846	2205	2337	4237	3036	2051	2178	914	2683	4942	3013	2298	2118	4088	240	532	170	46	592	565	159	174	619	450	2	86	356	248	163	0	336	568	173	1251	1120	252	267	540	154	174	0	56
sgg	569	1831	1126	2455	389	977	625	1072	1479	621	959	1754	3059	2740	1780	1662	2320	2256	1563	1866	1367	2294	2232	2086	1837	1700	2049	2634	1104	2093	3190	4261	3570	2265	2981	1334	2982	4630	2814	3135	1909	2637	598	2182	920	999	3248	1415	925	1287	1156	1740	431	797	424	1203	300	522	421	766	125	648	658	1452	1389	709	446	564	1055	225
Sh	4639	14109	8199	37617	5693	12229	16814	17589	11561	9424	34580	23940	27952	27433	23776	18036	22254	27135	16822	16462	31375	29945	50688	58028	49908	39132	45989	38600	27024	50330	44709	37454	40544	34145	44753	19364	35710	57133	38254	41332	30029	43706	11509	28129	10594	10471	21433	14968	11088	14808	15015	12042	5982	4091	5583	9475	3891	5226	3256	6077	6896	5781	12844	7123	15834	9455	2207	7269	5459	2090
Shal	1104	504	696	3283	1007	882	1813	942	1206	374	2682	1437	3753	1250	2354	1641	1188	1561	1370	1356	1309	1827	2044	3244	1993	1731	1308	1600	1177	2288	2681	2067	1739	2049	3034	1225	1832	3259	2331	2883	1995	2409	713	2357	1941	1500	1954	1245	498	1990	716	1185	1864	1312	361	1510	809	966	17	1883	1850	231	2048	1949	1115	822	34	1365	984	58
shi	4400	7835	6807	16279	6388	4675	6871	8244	9659	4838	18502	9827	20131	15349	9131	12743	14230	14795	14101	21894	4187	14112	7588	15723	10313	9571	8978	9980	5782	8802	11769	18596	14247	10611	13378	4790	12773	17034	12485	12645	10638	16827	7708	8948	8764	7017	19312	9946	6744	14988	5959	10296	5335	4710	4051	8132	4358	5723	2399	4376	2138	2404	6332	8490	7619	4090	934	11646	6472	593
simj	58	404	761	1920	773	343	1177	1064	562	890	1165	1106	1903	1977	2923	1612	446	1360	1011	1259	1043	1539	1508	2488	1657	993	1920	1867	1055	1555	2239	2473	1425	1965	1934	820	2081	2709	2077	2178	1611	2045	801	711	450	538	624	944	599	483	985	254	292	518	258	412	339	382	482	150	98	109	678	415	613	485	52	353	352	26
Socs36E	918	661	636	3419	1441	1021	757	769	437	585	1152	1252	755	1622	1198	1769	1447	1790	1477	1684	786	1122	1031	1032	1034	1668	947	934	1006	964	1177	1454	1247	1263	1653	731	1490	1915	1173	1420	978	1194	423	1294	462	717	723	889	481	395	765	592	681	112	254	522	347	214	214	64	304	479	314	499	253	209	100	597	1127	1
spi	445	520	156	1579	1112	193	240	1067	869	28	2870	855	2756	677	897	483	483	1660	405	1197	197	336	697	1414	482	607	473	668	470	403	613	1235	1508	500	793	150	802	1091	860	814	526	975	147	591	428	259	1539	372	61	243	400	776	1036	124	150	117	519	1605	0	498	59	86	394	678	650	139	64	0	252	6
spoon	651	733	2528	2082	1043	887	813	1252	1264	1570	1600	1067	676	1367	307	1132	2203	1013	399	1714	341	676	667	1456	684	986	769	516	1292	731	1116	1634	1514	883	1209	424	1276	1514	1163	1189	865	1490	642	1297	985	1256	2186	1133	660	970	940	476	1139	3616	5129	961	926	71	74	632	139	1264	772	3350	1679	979	837	260	447	166
sra	1397	787	1379	2088	1870	1280	1053	1915	1289	749	3298	2236	4702	3739	1712	2149	1594	1731	1376	2177	352	902	770	1749	892	734	810	935	380	602	1652	3387	1900	1234	2195	420	3784	1953	2514	1642	855	1971	695	1104	563	1864	3486	1525	1461	1531	157	3919	602	302	1025	1000	749	337	234	587	259	150	824	847	237	790	84	2504	995	108
Src64B	377	422	774	1702	869	745	427	915	27	332	1934	806	897	1579	1967	2355	1262	1157	792	1277	369	982	726	1306	757	658	499	880	995	790	1123	990	646	804	863	356	730	1729	1246	1140	683	1128	1683	765	410	422	426	662	1156	1033	692	399	345	16	493	140	1	901	158	0	0	134	1271	268	1	498	56	14	6	1
ss	95	0	0	0	0	0	0	0	0	0	0	0	0	0	0	0	0	0	0	0	0	0	5	2	0	2	0	0	0	0	0	0	0	2	0	0	0	1	0	0	0	0	85	3	0	56	0	0	0	105	0	0	0	0	0	0	0	6	0	0	0	0	0	0	0	0	0	0	0	5
Stat92E	1918	2081	8673	4524	2733	6119	2127	1489	2563	1255	2316	2846	3939	2077	2779	1320	1576	2056	1752	1670	345	1827	719	2661	1645	459	940	1008	578	970	1876	2721	1823	2058	2895	949	2535	2006	2019	2709	2338	2928	3439	2035	777	1386	4286	1151	978	653	1625	1536	1090	4574	2472	2218	1086	1691	1731	1273	971	879	251	2365	2538	2165	1640	623	271	998
stau	1126	1820	936	3993	2002	1608	1700	2993	2019	1850	3761	1743	3020	2180	2385	890	2549	1069	1854	2899	1340	2059	2432	4533	3168	3199	2033	3863	1141	2126	3681	4458	2751	3143	2815	1185	2718	5980	3659	3320	2093	3852	1518	3453	2928	1676	3113	3016	1152	1881	1537	1628	1645	1736	1356	2677	403	2641	267	349	397	1505	2739	2242	1492	1828	202	3304	510	28
Su(H)	122	35	145	534	0	8	18	79	267	15	426	388	893	164	190	416	303	352	178	100	36	253	220	333	221	445	108	194	96	196	224	427	276	219	441	135	361	353	359	404	190	335	104	431	225	1	470	207	239	65	26	585	1	442	2	65	0	1	482	0	176	7	0	112	1	4	1	373	242	1
svr	7801	8917	9817	13977	8317	5252	4530	7213	6120	6361	10247	6263	13229	7926	10619	5180	4030	5549	3663	5212	2079	6460	3583	9495	7308	5780	4399	5256	2597	4311	7718	7457	7710	8858	8224	3011	9827	8508	6752	10166	5485	9076	5020	4353	9172	3944	7124	3841	3634	6039	3233	3813	6953	4014	3422	3986	5172	4991	3227	3845	2696	1102	4964	7761	5160	3928	2057	9414	3728	1354
Syn	3051	5371	3009	11214	3266	2079	6891	4828	5739	2490	11396	5360	10974	6121	12321	5771	2926	3135	4866	5706	2669	9221	3849	7776	9005	4436	6502	4274	4164	5954	9422	8227	5275	7459	9774	4925	7452	9016	7726	8132	7308	8442	8306	8310	7603	5116	7013	5173	3751	7046	5251	5688	6485	2647	3435	4002	3359	3975	2764	5821	3318	2314	8412	5269	6933	5022	1516	5415	4029	506
Tbh	0	0	97	31	106	0	208	63	1143	58	29	162	500	455	6	86	16	51	147	392	0	3	12	25	6	0	0	10	0	29	18	28	111	41	26	9	37	73	45	66	20	85	3216	1496	16224	178	1270	2575	1261	1386	152	5969	0	0	0	0	0	0	0	0	0	0	0	0	0	179	17	517	0	0
Tob	3792	8472	4323	27244	3723	7174	6500	8060	5268	5021	20757	12450	19535	16439	11469	12453	14994	10895	12096	12289	9691	22469	16510	27654	26276	21744	21964	14067	8846	15265	22335	17424	16727	19455	24247	8775	19165	23492	19338	19897	17606	24156	6575	12909	8889	5070	9022	6989	6365	11494	6085	5512	6401	5004	4654	7797	2255	2660	1329	5361	2261	2345	5955	4837	2702	7578	1619	5480	3924	233
trp	646	668	210	48	475	2	83	30	219	1267	0	27	2	0	148	24	0	0	0	34	6	2	2	2	0	0	0	0	0	85	0	14	16	2	4	0	2	7	0	0	0	10	125	72	0	91	3978	3757	1	116	190	55	122	0	0	0	0	1	94	1	19	279	581	698	726	664	229	45	776	2018
Ube3a	2	163	2	650	48	1	28	22	5	197	0	0	0	0	79	33	155	122	87	549	37	113	184	201	111	75	122	226	205	99	140	253	226	316	185	51	253	325	188	147	115	349	0	50	0	0	471	146	201	0	2	11	352	1	215	196	301	1	264	0	0	0	283	22	87	0	130	25	0	3
vn	0	313	0	1	0	4	50	0	0	0	1	23	1	133	16	77	82	0	150	39	4	0	26	2	32	0	7	0	12	20	77	35	25	18	50	0	34	38	58	32	0	56	0	49	0	4	11	124	0	59	96	1	0	506	7	0	0	10	0	0	0	0	1	598	0	8	0	0	6	251
vsg	2712	3555	5633	5911	3294	4674	1313	12345	3382	1742	2735	1657	2633	1717	3390	1577	1796	2615	1265	3103	841	1964	1380	3829	2297	1309	1724	2087	1742	2032	2833	2798	1916	1969	2110	882	2053	3013	2231	2344	1399	3177	1474	2607	1894	2517	7247	2574	2161	2695	939	2173	6102	1139	2752	1727	2811	3433	1674	4158	3473	2457	1363	4866	2555	3324	1936	3316	1055	2761
w	3	58	24	40	86	0	29	8	19	31	60	2	3	53	160	174	355	64	111	227	75	180	123	746	194	376	166	352	250	209	473	1873	3119	602	831	165	876	1971	736	467	518	1180	38	161	166	0	130	161	2	11	1	353	0	8	7	217	0	11	0	0	90	69	604	877	154	189	10	792	1001	1
wg	0	0	0	0	0	0	0	0	0	0	0	0	0	0	0	0	0	0	0	0	0	0	3	0	0	23	0	0	0	0	0	0	0	8	0	0	0	0	0	0	0	0	0	0	0	3	0	0	0	1	0	0	0	0	0	0	0	0	0	0	0	0	0	0	0	0	0	0	0	1
wnd	0	616	137	120	84	67	234	317	298	137	105	153	60	105	35	223	246	481	126	132	162	373	318	501	292	269	265	407	240	279	425	405	235	243	212	119	253	495	402	283	256	338	78	231	177	112	304	189	55	98	390	26	349	112	503	256	27	39	99	8	6	4	32	13	330	852	27	147	49	5
